amount,block_trade_id,block_trade_leg_count,combo_id,direction,index_price,instrument_name,iv,mark_price,price,tick_direction,timestamp,trade_id,trade_seq
0.2,,,,sell,35634.57,BTC-9NOV23-37000-C,88.34,0.00075069,0.001,1,1699487999776,270345634,142
0.3,,,,sell,35639.26,BTC-9NOV23-35250-P,50.36,0.00193529,0.0021,2,1699487998923,270345610,288
0.1,,,,sell,35637.54,BTC-29DEC23-31000-P,54.14,0.02317829,0.023,0,1699487969053,270345526,1068
0.1,,,,buy,35655.92,BTC-17NOV23-33000-P,50.86,0.00563608,0.0055,1,1699487968000,270345513,419
0.3,,,,buy,35635.32,BTC-9NOV23-35000-P,55.69,0.00110275,0.0012,0,1699487915272,270345300,505
0.9,,,,sell,35635.32,BTC-17NOV23-37000-C,56.22,0.01975043,0.02,3,1699487914833,270345298,569
1.0,,,,buy,35637.45,BTC-11NOV23-31000-P,88.86,0.00046839,0.0006,1,1699487878741,270345114,26
0.1,,,,buy,35639.66,BTC-10NOV23-34500-P,49.36,0.00230522,0.002,1,1699487878169,270345113,1246
1.0,,,,sell,35664.4,BTC-26JAN24-54000-C,70.26,0.02190004,0.022,2,1699487864145,270344936,131
2.9,,,,sell,35664.4,BTC-9NOV23-36250-C,65.48,0.00203259,0.0024,1,1699487863704,270344916,201
1.0,,,,sell,35674.73,BTC-26JAN24-52000-C,68.78,0.02539227,0.0255,0,1699487863320,270344909,74
1.0,,,,buy,35694.02,BTC-11NOV23-34500-P,49.54,0.00418237,0.004,0,1699487852630,270344810,34
0.1,,,,sell,35728.9,BTC-29DEC23-25000-P,64.28,0.00519104,0.0049,3,1699487833436,270344706,3194
1.0,,,,buy,35723.19,BTC-29MAR24-60000-C,70.84,0.03819855,0.0385,1,1699487831192,270344697,976
0.1,,,,buy,35717.98,BTC-17NOV23-39000-C,63.47,0.01043558,0.0105,2,1699487829682,270344689,621
0.2,,,,sell,35711.23,BTC-11NOV23-38500-C,77.35,0.00392322,0.0036,3,1699487784191,270344622,18
0.2,,,,sell,35711.23,BTC-11NOV23-33500-P,54.75,0.00143439,0.0013,3,1699487784189,270344621,20
0.2,,,,sell,35677.01,BTC-9NOV23-36500-C,61.05,0.00140542,0.001,2,1699487764344,270344551,130
3.4,,,,sell,35705.45,BTC-9NOV23-37500-C,93.37,0.00052451,0.0005,0,1699487747025,270344453,100
2.0,,,,sell,35710.41,BTC-29DEC23-41000-C,58.24,0.04201746,0.0415,2,1699487727277,270344392,264
0.2,,,,sell,35718.84,BTC-29DEC23-36000-C,54.25,0.08526564,0.085,3,1699487714535,270344342,3788
0.1,,,,sell,35697.36,BTC-11NOV23-39500-C,89.79,0.00262949,0.0028,2,1699487700487,270344298,33
17.0,BLOCK-107925,2,BTC-CS-17NOV23-37000_40000,sell,35699.6,BTC-17NOV23-40000-C,66.26,0.00743547,0.0073,2,1699487694562,270344278,785
0.1,,,,sell,35681.97,BTC-9NOV23-35750-P,36.77,0.00670892,0.0055,2,1699487648719,270344021,108
0.2,,,,buy,35688.63,BTC-24NOV23-32000-P,53.33,0.00787907,0.0075,0,1699487646741,270343968,1301
0.1,,,,buy,35688.63,BTC-9NOV23-36000-C,49.68,0.00305858,0.0027,2,1699487646544,270343937,225
0.3,,,,buy,35694.52,BTC-29DEC23-36000-P,54.08,0.07550163,0.075,0,1699487643192,270343875,421
1.0,,,,buy,35694.52,BTC-24NOV23-33000-P,51.02,0.0117501,0.0115,0,1699487643140,270343872,1311
4.5,,,,sell,35718.17,BTC-17NOV23-36000-C,52.06,0.0292934,0.0295,3,1699487634438,270343633,668
0.1,,,,buy,35730.07,BTC-11NOV23-36000-C,58.04,0.01458187,0.0155,2,1699487631381,270343565,79
0.3,,,,buy,35795.81,BTC-29DEC23-39000-P,56.79,0.12617271,0.126,3,1699487609687,270343276,136
1.0,,,,buy,35842.4,BTC-11NOV23-34750-P,51.21,0.00487243,0.005,2,1699487576048,270343131,42
0.6,,,,buy,35842.89,BTC-11NOV23-36500-C,60.29,0.01186243,0.012,2,1699487563113,270343105,53
1.0,,,,sell,35801.98,BTC-10NOV23-36750-C,63.68,0.00640977,0.006,1,1699487463031,270342855,1
1.1,,,,sell,35803.76,BTC-11NOV23-33000-P,63.9,0.00091802,0.0011,1,1699487461494,270342843,14
0.1,,,,sell,35791.94,BTC-11NOV23-44000-C,108.89,0.00051818,0.0003,2,1699487426522,270342585,3
0.1,,,,sell,35738.57,BTC-9NOV23-38000-C,101.56,0.00023617,0.0003,3,1699487317463,270342009,139
0.1,,,,buy,35748.53,BTC-9NOV23-34750-P,58.37,0.00044077,0.0004,3,1699487316300,270341996,255
0.1,,,,buy,35748.53,BTC-17NOV23-32500-P,53.18,0.00417523,0.004,1,1699487315679,270341970,409
1.4,,,,sell,35756.12,BTC-10NOV23-35500-C,52.93,0.01726156,0.017,2,1699487312555,270341893,1011
0.1,,,,sell,35774.28,BTC-27SEP24-22000-C,62.22,0.46445525,0.465,2,1699487312346,270341891,11
0.1,,,,buy,35774.28,BTC-11NOV23-34000-P,50.99,0.00222514,0.0019,2,1699487312211,270341889,55
0.1,,,,sell,35774.28,BTC-27SEP24-45000-C,62.26,0.17265597,0.172,1,1699487311702,270341879,152
0.4,,,,buy,35776.98,BTC-10NOV23-36000-P,57.75,0.0167424,0.017,0,1699487307223,270341830,232
0.1,,,,buy,35814.52,BTC-9NOV23-36000-P,55.37,0.00913139,0.0095,0,1699487306276,270341726,56
0.1,,,,buy,35826.18,BTC-24NOV23-46000-C,73.57,0.00388608,0.0039,1,1699487301722,270341473,468
0.1,,,,sell,35825.8,BTC-10NOV23-39000-C,92.42,0.00166702,0.0017,3,1699487281759,270341274,1206
3.4,,,,sell,35825.8,BTC-10NOV23-37500-C,73.33,0.0037103,0.0037,2,1699487281495,270341215,1073
5.4,,,,sell,35847.56,BTC-10NOV23-38000-C,79.44,0.0027843,0.0028,0,1699487280284,270341201,1365
9.7,,,,sell,35871.9,BTC-29DEC23-55000-C,72.12,0.00892113,0.009,0,1699487255066,270341034,1765
0.1,,,,buy,35848.02,BTC-10NOV23-35750-P,54.36,0.01128591,0.0115,0,1699487250250,270340959,29
2.1,,,,buy,35869.14,BTC-24NOV23-34000-P,51.11,0.01740159,0.0175,1,1699487248301,270340867,1485
0.5,,,,sell,35892.71,BTC-29DEC23-37000-C,55.33,0.07660583,0.0765,0,1699487229337,270340450,1724
2.8,,,,sell,35915.44,BTC-17NOV23-36500-C,53.04,0.02668377,0.0265,1,1699487228163,270340377,379
0.2,,,,buy,35920.9,BTC-10NOV23-33000-P,77.22,0.00048883,0.0006,1,1699487226701,270340319,870
0.2,,,,buy,35978.01,BTC-29DEC23-35000-P,54.07,0.05721374,0.0575,2,1699487222652,270340170,748
0.5,,,,sell,35994.05,BTC-24NOV23-40000-C,61.16,0.01660223,0.0165,0,1699487221808,270340136,3093
12.5,BLOCK-107924,2,BTC-CDIAG-26JAN24_29DEC23-54000_45000,buy,35990.78,BTC-29DEC23-45000-C,63.44,0.0260454,0.0276,0,1699487211101,270339986,3909
0.5,,,,buy,36105.45,BTC-24NOV23-30000-P,62.77,0.00336065,0.0034,2,1699487193512,270339652,1769
1.0,,,,buy,36103.3,BTC-17NOV23-42000-C,72.99,0.00490967,0.005,0,1699487191697,270339496,257
0.8,,,,buy,36057.8,BTC-29MAR24-36000-C,60.28,0.16653946,0.166,0,1699487181141,270339389,761
0.1,,,,sell,36059.29,BTC-9NOV23-35500-P,45.65,0.0009746,0.001,2,1699487178243,270339335,159
1.0,,,,buy,36083.13,BTC-24NOV23-36000-C,56.06,0.04790383,0.05,0,1699487160336,270338805,3114
0.1,,,,buy,36083.13,BTC-17NOV23-52000-C,94.43,0.00024543,0.0003,0,1699487159941,270338741,16
0.4,,,,buy,36083.13,BTC-29DEC23-25000-C,66.4,0.32480013,0.325,0,1699487159739,270338718,645
1.0,,,,buy,36020.82,BTC-10NOV23-36500-C,63.67,0.0095588,0.01,1,1699487159445,270338647,987
0.1,,,,buy,36020.82,BTC-29MAR24-25000-C,62.84,0.35600441,0.3565,0,1699487159261,270338575,122
0.1,,,,buy,36020.82,BTC-29DEC23-30000-C,57.17,0.1987968,0.2,1,1699487159225,270338567,4690
0.2,,,,sell,36012.57,BTC-10NOV23-37000-C,62.18,0.00655509,0.0055,2,1699487152962,270338081,1218
0.4,,,,buy,36009.24,BTC-24NOV23-38000-C,57.83,0.02787452,0.0285,0,1699487151248,270337664,2536
0.4,,,,buy,36009.24,BTC-24NOV23-35000-C,52.61,0.06126561,0.0625,0,1699487151231,270337663,1428
0.4,,,,buy,36009.24,BTC-24NOV23-39000-C,59.91,0.02143953,0.022,0,1699487151221,270337661,482
0.4,,,,buy,36009.24,BTC-17NOV23-33500-C,54.16,0.07956473,0.081,0,1699487151206,270337658,38
0.1,,,,sell,36009.24,BTC-29DEC23-32000-P,53.95,0.02756273,0.0275,2,1699487151024,270337622,1250
0.5,,,,sell,36009.24,BTC-29DEC23-24000-P,68.01,0.00406079,0.0039,2,1699487151023,270337621,2322
0.4,,,,buy,36009.24,BTC-17NOV23-35000-C,51.07,0.04801662,0.049,0,1699487151013,270337619,373
0.1,,,,sell,36009.24,BTC-29DEC23-28000-P,59.0,0.00999846,0.01,2,1699487151010,270337617,2282
0.4,,,,buy,36009.24,BTC-17NOV23-34500-C,51.19,0.05758128,0.0585,0,1699487150996,270337608,268
0.4,,,,sell,36009.24,BTC-24NOV23-37000-P,54.11,0.05546204,0.055,2,1699487150923,270337598,161
0.4,,,,sell,36009.24,BTC-24NOV23-35000-P,50.96,0.02599486,0.0255,2,1699487150764,270337552,935
0.4,,,,sell,36009.24,BTC-24NOV23-39000-P,57.88,0.09692848,0.095,2,1699487150746,270337544,3
0.3,,,,sell,36009.24,BTC-29DEC23-23000-P,71.85,0.00334569,0.0034,3,1699487150705,270337530,1939
0.4,,,,buy,36009.24,BTC-24NOV23-37000-C,55.15,0.03557578,0.0365,0,1699487150702,270337529,1140
0.4,,,,sell,36009.24,BTC-24NOV23-36000-P,52.17,0.03932342,0.0385,2,1699487150553,270337470,426
0.4,,,,buy,36009.24,BTC-17NOV23-35500-C,51.07,0.03911657,0.0405,0,1699487150552,270337469,549
0.4,,,,buy,36009.24,BTC-17NOV23-33000-C,55.52,0.0909302,0.093,0,1699487150521,270337462,79
0.4,,,,buy,36009.24,BTC-10NOV23-35000-C,57.3,0.03063626,0.0325,0,1699487150499,270337453,1230
0.7,,,,sell,35961.99,BTC-10NOV23-35000-P,52.93,0.00330321,0.0034,3,1699487150357,270337379,929
0.4,,,,sell,35961.99,BTC-24NOV23-40000-P,58.47,0.11975346,0.118,2,1699487150326,270337368,26
0.2,,,,sell,35961.99,BTC-26JAN24-30000-P,57.34,0.02984455,0.03,2,1699487150321,270337366,98
0.4,,,,buy,35961.99,BTC-11NOV23-35750-C,56.08,0.02041328,0.0215,0,1699487150252,270337338,40
1.0,,,,buy,35961.99,BTC-17NOV23-37500-C,57.7,0.01919275,0.0195,0,1699487150212,270337329,256
1.0,,,,buy,35961.99,BTC-11NOV23-36750-C,62.75,0.01119492,0.0115,1,1699487150081,270337290,1
0.1,,,,buy,35961.99,BTC-11NOV23-37000-C,65.01,0.00976123,0.01,1,1699487150080,270337286,88
2.0,,,,sell,35961.99,BTC-17NOV23-35500-P,49.68,0.0221731,0.022,2,1699487150015,270337265,255
1.0,,,,buy,35961.99,BTC-11NOV23-36250-C,58.64,0.01500622,0.0155,0,1699487149977,270337230,17
1.0,,,,buy,35961.99,BTC-17NOV23-38000-C,59.65,0.01622587,0.0165,0,1699487149942,270337218,598
0.1,,,,sell,35961.99,BTC-10NOV23-35500-P,52.4,0.00700157,0.007,2,1699487149906,270337200,387
1.0,,,,buy,35961.99,BTC-17NOV23-38500-C,61.56,0.01373982,0.014,0,1699487149887,270337194,244
0.8,,,,buy,35961.99,BTC-10NOV23-36000-C,58.78,0.01334095,0.014,1,1699487149817,270337167,1379
0.2,,,,buy,35961.99,BTC-9NOV23-35000-C,88.56,0.02714042,0.029,0,1699487149625,270337056,88
3.6,,,,buy,35961.99,BTC-9NOV23-35500-C,60.46,0.01422045,0.0155,0,1699487149623,270337053,326
1.2,,,,sell,35961.99,BTC-11NOV23-36000-P,53.05,0.01735064,0.017,2,1699487149480,270336932,30
0.1,,,,buy,35952.17,BTC-29DEC23-40000-C,57.63,0.05046432,0.0505,0,1699487148165,270336821,6588
0.5,,,,buy,35926.49,BTC-29DEC23-31000-C,55.03,0.17469405,0.175,0,1699487114652,270336673,2378
1.0,,,,sell,35920.57,BTC-17NOV23-43000-C,74.87,0.00335582,0.0032,0,1699487080531,270336577,193
0.3,,,,sell,35915.37,BTC-17NOV23-26000-P,92.88,0.00051514,0.0004,3,1699487058838,270336555,40
5.0,,,,sell,35899.42,BTC-29DEC23-44000-C,61.1,0.0289056,0.029,1,1699487039620,270336461,238
0.1,,,,sell,35898.9,BTC-11NOV23-40000-C,89.89,0.00249,0.0023,2,1699487037041,270336460,42
1.0,,,,sell,35912.6,BTC-11NOV23-41000-C,96.35,0.00169174,0.0015,0,1699487016157,270336281,16
0.5,,,,buy,35913.31,BTC-10NOV23-42000-C,117.99,0.00040314,0.0004,2,1699487005437,270336237,798
0.5,,,,buy,35907.41,BTC-9NOV23-35750-C,51.18,0.00807922,0.0085,0,1699487005021,270336233,273
1.0,,,,buy,35878.99,BTC-29DEC23-42000-C,59.18,0.03765265,0.0375,0,1699486972640,270336131,408
0.1,,,,sell,35869.56,BTC-29DEC23-50000-C,66.6,0.01413944,0.014,1,1699486940964,270336110,3334
0.6,,,,buy,35875.5,BTC-11NOV23-35500-P,50.55,0.01122063,0.011,3,1699486884521,270336035,48
1.0,,,,sell,35892.95,BTC-11NOV23-35750-P,51.34,0.01438301,0.014,3,1699486853108,270335946,38
0.1,,,,buy,35877.29,BTC-27SEP24-21000-C,62.34,0.48607314,0.486,2,1699486820971,270335894,11
0.2,,,,buy,35879.85,BTC-24NOV23-48000-C,78.4,0.00273729,0.0029,0,1699486809277,270335806,563
10.0,,,,sell,35865.12,BTC-29MAR24-20000-P,69.47,0.01056139,0.0105,3,1699486756415,270335594,588
6.0,,,,sell,35844.29,BTC-29DEC23-60000-C,76.84,0.00585419,0.006,1,1699486604825,270335389,1943
2.0,,,,buy,35798.77,BTC-29DEC23-38000-P,55.36,0.10736924,0.1065,2,1699486441049,270335243,106
0.1,,,,buy,35804.48,BTC-29DEC23-33000-P,53.31,0.03738294,0.037,3,1699486378030,270335193,795
0.1,,,,sell,35822.52,BTC-24NOV23-42000-C,64.6,0.00933207,0.009,1,1699486365554,270335157,1747
1.6,,,,buy,35839.17,BTC-17NOV23-37000-P,55.3,0.04989881,0.05,2,1699486346301,270335063,22
1.4,,,,sell,35852.93,BTC-24NOV23-45000-C,70.75,0.00482159,0.0046,0,1699486249965,270334994,563
0.4,,,,sell,35854.66,BTC-29MAR24-65000-C,72.47,0.03040163,0.0305,1,1699486088209,270334900,578
0.1,,,,buy,35859.7,BTC-29MAR24-41000-C,62.41,0.11597202,0.116,1,1699486048222,270334817,594
0.1,,,,sell,35839.08,BTC-29DEC23-30000-P,55.43,0.01730333,0.017,2,1699486022731,270334684,2182
0.5,,,,sell,35823.75,BTC-9NOV23-33750-P,83.93,3.378e-05,0.0001,2,1699485969689,270334545,125
0.4,,,,sell,35824.76,BTC-9NOV23-33500-P,93.01,1.756e-05,0.0001,3,1699485962579,270334543,100
0.2,,,,sell,35814.92,BTC-29MAR24-24000-P,63.3,0.02101757,0.021,2,1699485722200,270334128,576
0.1,,,,buy,35799.86,BTC-10NOV23-34000-C,47.72,0.05146489,0.051,0,1699485694319,270334104,709
1.0,,,,buy,35766.55,BTC-11NOV23-34250-P,49.97,0.00280913,0.0027,2,1699485263289,270333564,26
0.9,,,,sell,35780.98,BTC-24NOV23-33000-C,52.39,0.0958716,0.0965,0,1699485245958,270333524,2176
2.0,,,,sell,35786.2,BTC-17NOV23-31500-P,57.8,0.00253977,0.0024,2,1699485160245,270333444,206
0.1,,,,buy,35779.89,BTC-28JUN24-15000-C,71.93,0.61036752,0.61,1,1699485156940,270333443,24
0.1,,,,sell,35759.5,BTC-24NOV23-31000-C,57.92,0.14491859,0.145,0,1699485057725,270333366,2271
1.0,,,,buy,35784.67,BTC-17NOV23-32000-P,55.14,0.00315676,0.003,3,1699484979103,270333133,356
4.2,,,,buy,35797.06,BTC-10NOV23-31500-P,100.81,0.00028484,0.0004,3,1699484944861,270333049,515
1.1,,,,sell,35800.78,BTC-17NOV23-34000-C,49.33,0.06344104,0.0635,0,1699484937584,270333034,241
0.5,,,,buy,35810.6,BTC-11NOV23-31500-P,79.75,0.00040716,0.0005,1,1699484875326,270332963,38
1.7,,,,buy,35803.52,BTC-24NOV23-44000-C,69.9,0.00584981,0.006,0,1699484807777,270332890,805
0.1,,,,buy,35823.79,BTC-17NOV23-29000-P,75.59,0.00103742,0.0012,3,1699484620389,270332649,131
0.4,,,,buy,35777.66,BTC-17NOV23-31000-P,61.42,0.00203182,0.0021,3,1699484454534,270332122,252
3.4,,,,sell,35812.21,BTC-11NOV23-42000-C,105.17,0.00128968,0.0011,1,1699484334874,270331620,16
2.1,,,,sell,35804.61,BTC-11NOV23-43000-C,111.95,0.0008691,0.0008,0,1699484319179,270331607,11
0.1,,,,sell,35816.82,BTC-29DEC23-35000-C,54.0,0.099769,0.1,0,1699484297083,270331588,4447
6.0,,,,buy,35827.73,BTC-11NOV23-38000-C,74.42,0.00556875,0.0055,2,1699484284933,270331560,105
0.9,,,,buy,35818.81,BTC-17NOV23-48000-C,87.65,0.00080426,0.0008,1,1699484238041,270331508,127
1.7,,,,sell,35846.25,BTC-29DEC23-43000-C,60.06,0.03271682,0.0325,1,1699484122708,270331095,318
0.1,,,,buy,35862.31,BTC-29MAR24-50000-C,66.63,0.06660319,0.0665,1,1699484095181,270330946,2069
0.1,,,,buy,35881.75,BTC-10NOV23-33500-P,65.75,0.00054236,0.0007,2,1699484069880,270330878,924
0.1,,,,sell,35794.56,BTC-29MAR24-45000-C,64.48,0.08955808,0.0895,0,1699483894224,270330463,1758
0.1,,,,sell,35796.29,BTC-24NOV23-32000-C,55.29,0.12020574,0.121,0,1699483879144,270330441,3014
1.1,,,,sell,35833.85,BTC-17NOV23-35000-P,48.58,0.01761571,0.0175,3,1699483802359,270330272,481
0.2,,,,buy,35841.1,BTC-17NOV23-46000-C,84.34,0.00139828,0.0015,1,1699483778089,270330200,149
0.1,,,,sell,35841.1,BTC-29MAR24-39000-P,61.94,0.1814158,0.182,2,1699483776813,270330171,35
0.6,,,,buy,35841.11,BTC-17NOV23-36000-P,50.67,0.03123844,0.031,3,1699483772807,270330169,115
0.1,,,,buy,35842.1,BTC-10NOV23-32500-P,82.76,0.00034588,0.0005,1,1699483735353,270330147,449
0.1,,,,buy,35759.03,BTC-29DEC23-29000-P,57.49,0.01365606,0.014,1,1699483635395,270329725,1874
0.5,,,,buy,35743.58,BTC-10NOV23-35750-C,54.91,0.01344624,0.0135,1,1699483582509,270329696,15
10.9,,,,sell,35738.65,BTC-17NOV23-33500-P,49.16,0.00722807,0.007,3,1699483582289,270329679,419
0.1,,,,buy,35736.06,BTC-29DEC23-21000-P,77.77,0.00232187,0.0024,1,1699483546094,270329650,1615
0.4,,,,buy,35735.88,BTC-10NOV23-32000-P,88.33,0.00027829,0.0004,0,1699483538363,270329647,771
100.0,BLOCK-107902,2,BTC-CDIAG-26JAN24_24NOV23-44000_39000,sell,35736.47,BTC-26JAN24-44000-C,62.86,0.05151364,0.0508,2,1699483459526,270329603,104
0.1,,,,sell,35759.97,BTC-17NOV23-34000-P,47.22,0.00987425,0.009,2,1699483088163,270329083,507
11.0,,,,buy,35746.02,BTC-17NOV23-34500-P,48.51,0.01378443,0.0135,3,1699483080900,270329076,414
0.2,,,,buy,35726.28,BTC-29DEC23-34000-P,53.28,0.04835855,0.048,1,1699482937966,270328741,730
0.3,,,,buy,35749.13,BTC-11NOV23-35000-P,50.32,0.00747614,0.0075,0,1699482919825,270328672,33
4.0,,,,sell,35778.16,BTC-10NOV23-40000-C,101.37,0.00109263,0.001,0,1699482891318,270328571,1022
0.6,,,,sell,35817.67,BTC-29DEC23-39000-C,56.73,0.0568309,0.0565,0,1699482795114,270328408,1717
1.8,,,,buy,35822.98,BTC-11NOV23-36500-P,58.91,0.02978039,0.0295,2,1699482666636,270328001,7
0.1,,,,buy,35831.71,BTC-26JAN24-41000-P,61.14,0.18683674,0.1865,2,1699482620054,270327942,7
0.2,,,,sell,35817.53,BTC-11NOV23-35250-P,49.34,0.00915234,0.009,1,1699482574507,270327727,17
0.1,,,,buy,35806.86,BTC-29DEC23-27000-P,61.24,0.0082929,0.0085,3,1699482571010,270327679,2937
1.4,,,,buy,35855.72,BTC-10NOV23-36500-P,62.97,0.02598623,0.026,2,1699482539992,270327586,125
0.5,,,,buy,35867.69,BTC-11NOV23-32000-P,69.38,0.00042818,0.0004,3,1699482495641,270327405,19
2.1,,,,sell,35763.52,BTC-17NOV23-41000-C,69.3,0.00556771,0.0055,0,1699482380315,270326937,373
0.5,,,,sell,35739.72,BTC-11NOV23-35250-C,50.48,0.0242635,0.0245,3,1699482333657,270326824,57
2.0,,,,sell,35733.15,BTC-10NOV23-41000-C,112.82,0.00068518,0.0007,0,1699482322424,270326803,763
5.0,,,,buy,35759.2,BTC-17NOV23-54000-C,93.44,0.00011203,0.0001,3,1699482302278,270326714,7
0.2,,,,sell,35773.65,BTC-10NOV23-30500-P,109.98,0.00022248,0.0002,2,1699482286668,270326690,384
0.6,,,,buy,35783.25,BTC-11NOV23-36250-P,56.14,0.02531841,0.025,3,1699482238383,270326497,12
1.5,,,,buy,35743.25,BTC-17NOV23-37500-P,58.05,0.06204497,0.063,2,1699482163217,270326245,3
0.1,,,,buy,35743.25,BTC-11NOV23-37000-P,66.0,0.04199095,0.0425,1,1699482162811,270326239,1
0.1,,,,sell,35877.27,BTC-9NOV23-34500-P,65.45,0.00027843,0.0003,3,1699481983336,270325218,262
0.1,,,,sell,35866.77,BTC-24NOV23-26000-P,81.3,0.00135874,0.0013,3,1699481969779,270325206,2334
0.3,,,,buy,35880.77,BTC-11NOV23-40500-C,96.01,0.00214353,0.0022,0,1699481821483,270324803,11
0.5,,,,buy,35873.15,BTC-26JAN24-40000-C,60.64,0.07694656,0.0775,0,1699481710189,270324599,157
3.0,,,,sell,35850.26,BTC-9NOV23-34250-P,69.19,0.00011361,0.0002,2,1699481702738,270324577,121
0.6,,,,sell,35836.2,BTC-26JAN24-39000-C,59.77,0.08482731,0.085,1,1699481693555,270324562,108
0.5,,,,sell,35836.2,BTC-26JAN24-41000-C,61.07,0.06932906,0.0695,1,1699481693457,270324561,65
0.1,,,,buy,35833.67,BTC-27SEP24-140000-C,79.51,0.02167684,0.023,0,1699481687623,270324554,68
0.1,,,,buy,35833.67,BTC-27SEP24-120000-C,77.47,0.02847309,0.031,0,1699481687621,270324553,159
0.9,,,,buy,35833.67,BTC-26JAN24-42000-C,62.62,0.06274981,0.0645,1,1699481687507,270324550,133
0.5,,,,sell,35839.64,BTC-24NOV23-29000-P,65.85,0.00273841,0.0027,3,1699481669943,270324523,2172
0.1,,,,sell,35848.32,BTC-26JAN24-28000-P,58.35,0.01941984,0.0195,2,1699481624887,270324464,59
0.2,,,,buy,35837.09,BTC-10NOV23-36250-P,59.3,0.02107364,0.021,2,1699481569809,270324315,2
0.5,,,,sell,35881.75,BTC-24NOV23-20000-P,116.9,0.00037079,0.0004,1,1699481532766,270324077,654
0.5,,,,buy,35881.75,BTC-29DEC23-80000-C,90.23,0.00167081,0.0016,0,1699481532756,270324076,731
0.7,,,,sell,35803.54,BTC-26JAN24-35000-P,57.21,0.08171652,0.082,2,1699481411346,270323483,93
6.0,,,,buy,35767.72,BTC-11NOV23-37500-C,68.78,0.00614338,0.0065,1,1699481333328,270323268,54
1.4,,,,buy,35790.74,BTC-17NOV23-36500-P,52.59,0.04094762,0.041,2,1699481288787,270323116,26
2.0,,,,sell,35792.42,BTC-17NOV23-45000-C,81.03,0.00172877,0.0018,0,1699481285069,270323104,166
0.1,,,,buy,35800.57,BTC-17NOV23-51000-C,91.27,0.0002383,0.0003,0,1699481241670,270322943,39
0.5,,,,buy,35787.03,BTC-29DEC23-38000-C,55.82,0.06415027,0.0645,0,1699481187633,270322753,1935
0.1,,,,sell,35800.21,BTC-26JAN24-40000-P,59.56,0.16729279,0.166,2,1699481071008,270322004,11
0.2,,,,sell,35832.66,BTC-24NOV23-38000-P,53.95,0.0777243,0.077,3,1699481032076,270321510,237
0.2,,,,buy,35543.31,BTC-24NOV23-31000-P,56.06,0.00530922,0.0055,0,1699480238743,270318720,1251
0.1,,,,buy,35534.97,BTC-10NOV23-48000-C,172.76,5.24e-06,0.0001,3,1699480222556,270318696,141
0.1,,,,buy,35534.97,BTC-10NOV23-47000-C,161.96,3.79e-06,0.0001,3,1699480222554,270318695,58
0.1,,,,buy,35534.97,BTC-10NOV23-46000-C,150.85,1.106e-05,0.0001,3,1699480222552,270318694,77
0.4,,,,buy,35482.61,BTC-11NOV23-39000-C,83.3,0.00247108,0.0027,2,1699479899328,270318084,20
1.5,,,,buy,35478.97,BTC-29DEC23-32000-C,53.0,0.14388713,0.144,0,1699479892149,270318055,3382
1.9,,,,buy,35451.38,BTC-9NOV23-35250-C,46.03,0.00924964,0.0095,2,1699479856480,270318002,177
1.2,,,,buy,35451.38,BTC-11NOV23-35000-C,48.13,0.02247582,0.023,1,1699479856428,270318000,19
0.1,,,,buy,35444.11,BTC-27SEP24-47000-P,62.72,0.39715539,0.397,1,1699479777307,270317892,1
3.1,,,,sell,35451.07,BTC-11NOV23-32500-P,58.49,0.00075776,0.0006,3,1699479750457,270317838,7
0.1,,,,buy,35429.66,BTC-29DEC23-37000-P,54.38,0.09601275,0.0955,1,1699479725419,270317766,164
1.0,,,,buy,35453.04,BTC-29MAR24-21000-P,67.22,0.01296325,0.013,2,1699479423840,270317375,485
1.1,,,,sell,35516.21,BTC-26JAN24-48000-C,65.97,0.03431381,0.0345,1,1699479286638,270317138,86
4.3,,,,buy,35522.09,BTC-17NOV23-50000-C,88.48,0.00033058,0.0003,2,1699479263291,270317113,166
0.1,,,,sell,35444.05,BTC-10NOV23-35250-P,46.24,0.00914139,0.009,0,1699479151410,270316886,19
0.1,,,,sell,35507.74,BTC-28JUN24-42000-C,62.86,0.1532655,0.154,2,1699478846491,270315969,232
0.1,,,,buy,35497.98,BTC-26JAN24-36000-P,57.52,0.10134506,0.101,2,1699478744618,270315716,58
0.1,,,,sell,35541.7,BTC-26JAN24-50000-C,67.17,0.02886513,0.029,1,1699478620970,270315540,161
0.1,,,,buy,35529.43,BTC-26JAN24-46000-C,64.37,0.04085669,0.041,1,1699478584434,270315505,118
3.8,,,,buy,35515.87,BTC-29DEC23-41000-P,57.83,0.17442351,0.174,2,1699478548505,270315458,34
0.4,,,,sell,35532.97,BTC-24NOV23-10000-P,223.67,2.16e-06,0.0002,1,1699478507967,270315355,47
0.1,,,,buy,35550.88,BTC-27SEP24-37000-P,60.13,0.20652111,0.207,2,1699478455249,270315243,30
0.1,,,,buy,35529.12,BTC-26JAN24-39000-P,59.01,0.15349378,0.1525,2,1699478191774,270314442,14
5.0,,,,sell,35549.03,BTC-28JUN24-95000-C,77.8,0.0280112,0.028,2,1699478180680,270314378,225
1.0,,,,buy,35567.15,BTC-17NOV23-49000-C,86.42,0.00028355,0.0004,1,1699478163817,270314297,104
5.0,,,,sell,35598.28,BTC-24NOV23-50000-C,78.81,0.00129585,0.0014,0,1699478059263,270313986,831
0.2,,,,sell,35621.02,BTC-24NOV23-55000-C,84.78,0.00059069,0.0005,1,1699478017568,270313586,167
5.0,,,,buy,35673.2,BTC-17NOV23-44000-C,76.83,0.00167593,0.002,1,1699477982096,270313358,229
3.0,,,,buy,35662.74,BTC-28JUN24-32000-C,59.78,0.25881621,0.258,0,1699477905674,270313161,446
1.0,,,,sell,35772.31,BTC-29DEC23-28000-C,58.69,0.24108733,0.2415,0,1699477767785,270312095,2521
2.0,,,,sell,35807.91,BTC-29DEC23-27000-C,60.8,0.2669835,0.2675,0,1699477742273,270311906,1963
0.1,,,,buy,35814.11,BTC-10NOV23-45000-C,133.77,2.392e-05,0.0001,3,1699477653769,270311283,234
0.1,,,,buy,35676.06,BTC-10NOV23-36250-C,54.97,0.00752563,0.0075,0,1699477513076,270310475,13
2.5,,,,sell,35848.1,BTC-10NOV23-31500-C,107.58,0.12298602,0.1225,0,1699477421469,270309337,178
1.0,,,,sell,35886.63,BTC-10NOV23-31000-C,105.34,0.1368757,0.137,1,1699477419877,270309274,278
0.1,,,,buy,35878.44,BTC-26JAN24-65000-C,77.08,0.01118287,0.011,0,1699477414303,270308741,36
0.1,,,,sell,35727.73,BTC-26JAN24-26000-P,60.15,0.01230006,0.0125,2,1699477393165,270306718,34
0.1,,,,buy,35600.29,BTC-11NOV23-35500-C,49.76,0.01777947,0.018,3,1699477384147,270305812,63
0.1,,,,buy,35617.31,BTC-24NOV23-22000-P,100.65,0.00052984,0.0005,2,1699476905787,270304758,1042
0.1,,,,buy,35614.7,BTC-24NOV23-25000-P,85.57,0.00113205,0.0011,2,1699476895134,270304757,2397
2.0,,,,sell,35606.52,BTC-26JAN24-75000-C,84.26,0.0069047,0.007,1,1699476800161,270304661,127
0.1,,,,sell,35580.87,BTC-28JUN24-41000-P,62.84,0.25646123,0.258,2,1699476328772,270303917,24
3.3,,,,sell,35518.51,BTC-9NOV23-38500-C,102.65,0.00027082,0.0002,3,1699475913240,270303217,30
5.0,,,,sell,35519.36,BTC-29MAR24-90000-C,81.18,0.0119931,0.012,1,1699475837141,270302907,179
0.2,,,,buy,35532.28,BTC-11NOV23-37500-P,64.69,0.05906752,0.059,1,1699475804002,270302651,1
1.0,,,,buy,35589.42,BTC-26JAN24-32000-P,56.78,0.04877362,0.049,0,1699475724824,270302262,94
4.4,,,,sell,35590.64,BTC-10NOV23-34750-P,46.2,0.00329254,0.0033,2,1699475713840,270302200,8
0.8,,,,sell,35640.91,BTC-24NOV23-22000-C,98.1,0.38765199,0.3875,0,1699475633812,270301882,8
0.5,,,,buy,35653.47,BTC-26JAN24-37000-C,58.41,0.10128351,0.102,0,1699475614645,270301808,141
0.5,,,,buy,35708.59,BTC-28JUN24-60000-C,68.92,0.07506229,0.075,2,1699475255372,270301072,846
4.0,,,,buy,35707.23,BTC-10NOV23-28000-P,144.19,1.133e-05,0.0001,3,1699475231206,270301047,324
1.4,,,,sell,35709.07,BTC-24NOV23-30000-C,62.28,0.16963553,0.17,1,1699474854520,270300683,2974
0.1,,,,buy,35698.26,BTC-27SEP24-40000-P,60.84,0.25527059,0.2545,3,1699474834228,270300637,40
0.1,,,,buy,35684.16,BTC-9NOV23-39500-C,130.44,4.551e-05,0.0003,0,1699474731218,270300524,77
0.1,,,,buy,35712.42,BTC-28JUN24-40000-P,61.82,0.23436481,0.2335,0,1699474670684,270300293,29
4.6,,,,sell,35766.08,BTC-10NOV23-34000-P,49.94,0.00083688,0.0007,2,1699474443358,270299853,1260
1.0,,,,sell,35739.37,BTC-28JUN24-40000-C,62.28,0.17256139,0.173,0,1699474303162,270299662,753
0.8,,,,buy,35706.53,BTC-29MAR24-23000-C,63.85,0.39721106,0.397,0,1699473811557,270298699,21
0.8,,,,buy,35668.16,BTC-10NOV23-43000-C,118.89,5.815e-05,0.0002,1,1699473469810,270298241,375
0.1,,,,sell,35669.2,BTC-24NOV23-60000-C,93.55,0.00024972,0.0003,2,1699473164028,270297947,145
1.0,,,,sell,35710.72,BTC-28JUN24-55000-C,67.64,0.09013292,0.091,2,1699473000204,270297606,570
0.9,,,,sell,35748.82,BTC-10NOV23-34500-C,48.63,0.03725877,0.0375,0,1699472953850,270297497,1029
2.0,,,,buy,35682.2,BTC-28JUN24-38000-C,61.07,0.18856853,0.1885,0,1699472647622,270296965,204
6.8,,,,buy,35662.38,BTC-29MAR24-33000-C,59.23,0.20026281,0.1995,1,1699472582026,270296842,475
2.0,,,,buy,35585.17,BTC-29MAR24-75000-C,75.96,0.01932868,0.0195,2,1699472190797,270296248,238
4.3,,,,sell,35588.68,BTC-17NOV23-47000-C,75.9,0.00051546,0.0004,0,1699471992505,270296106,103
5.0,,,,buy,35609.04,BTC-27SEP24-50000-C,64.24,0.14227215,0.145,0,1699471888920,270295910,185
3.4,,,,sell,35591.49,BTC-17NOV23-29500-P,69.81,0.00148496,0.0014,2,1699471876718,270295851,118
2.7,,,,sell,35559.96,BTC-26JAN24-44000-P,62.02,0.25704846,0.2565,2,1699471807822,270295659,5
0.6,,,,sell,35553.86,BTC-24NOV23-27000-P,74.28,0.00196537,0.0017,1,1699471800552,270295593,2416
0.8,,,,buy,35583.72,BTC-29MAR24-37000-C,60.36,0.14897375,0.1485,0,1699471688990,270295485,587
0.4,,,,sell,35658.96,BTC-29MAR24-38000-C,60.85,0.14059248,0.1395,0,1699471397443,270294695,679
2.2,,,,sell,35657.65,BTC-28JUN24-39000-C,61.54,0.18087346,0.1795,0,1699471375450,270294618,197
1.3,,,,sell,35662.28,BTC-29MAR24-37000-P,60.59,0.14979559,0.149,2,1699471350970,270294550,53
1.2,,,,sell,35670.18,BTC-29MAR24-36000-P,60.27,0.13374643,0.133,3,1699471340231,270294487,65
0.1,,,,buy,35749.56,BTC-29DEC23-65000-C,79.15,0.00364215,0.0036,2,1699471090443,270293733,906
0.1,,,,buy,35749.64,BTC-29DEC23-70000-C,84.28,0.00266615,0.0029,1,1699471080750,270293704,585
5.0,,,,buy,35752.88,BTC-29MAR24-70000-C,73.99,0.02397656,0.024,0,1699471025901,270293393,346
0.1,,,,sell,35697.32,BTC-17NOV23-53000-C,89.2,0.00018356,0.0001,3,1699470572428,270292076,22
0.1,,,,buy,35714.64,BTC-10NOV23-44000-C,119.85,3.982e-05,0.0001,2,1699470558771,270291953,196
0.1,,,,sell,35705.94,BTC-28JUN24-29000-P,60.34,0.07728788,0.077,2,1699470506744,270291766,240
0.2,,,,buy,35673.8,BTC-27SEP24-38000-C,60.7,0.2269838,0.227,0,1699470397784,270291211,26
0.5,,,,sell,35653.07,BTC-26JAN24-60000-C,74.11,0.01411128,0.0145,1,1699470355027,270291075,27
0.1,,,,sell,35609.76,BTC-28JUN24-27000-P,60.61,0.05996457,0.0595,2,1699470259418,270290920,498
0.1,,,,buy,35615.92,BTC-28JUN24-44000-C,63.45,0.14190206,0.1415,1,1699470236848,270290896,30
2.8,,,,sell,35637.55,BTC-26JAN24-70000-C,80.7,0.00838235,0.0085,0,1699470120155,270290679,192
0.1,,,,sell,35594.97,BTC-9NOV23-34500-C,60.59,0.03155424,0.032,0,1699470093170,270290522,24
0.1,,,,buy,35611.18,BTC-26JAN24-34000-C,57.21,0.13808966,0.1395,0,1699470065147,270290337,98
0.1,,,,sell,35603.53,BTC-28JUN24-28000-P,60.35,0.0684651,0.068,2,1699469997282,270290257,410
0.2,,,,sell,35590.36,BTC-24NOV23-19000-P,120.31,0.00034406,0.0003,2,1699469963054,270290220,285
0.7,,,,sell,35589.44,BTC-29DEC23-16000-P,93.11,0.00078916,0.0007,1,1699469941765,270290210,709
4.7,,,,sell,35623.25,BTC-9NOV23-34000-P,54.91,0.00014015,0.0001,2,1699469667243,270289508,185
0.1,,,,sell,35605.26,BTC-26JAN24-24000-P,62.91,0.00790716,0.008,2,1699469661339,270289456,37
1.4,,,,buy,35568.15,BTC-29MAR24-42000-C,63.05,0.10538911,0.1065,1,1699469599209,270289310,65
2.2,,,,buy,35559.66,BTC-10NOV23-30000-P,110.86,0.00017388,0.0002,2,1699469482072,270289080,606
1.0,,,,buy,35579.23,BTC-26JAN24-36000-C,57.98,0.11139362,0.1125,0,1699469360584,270288746,148
3.9,,,,buy,35465.08,BTC-17NOV23-30500-P,62.65,0.00177308,0.002,3,1699468698512,270287082,153
2.2,,,,sell,35454.47,BTC-10NOV23-35250-C,48.12,0.01601394,0.016,1,1699467343307,270285764,8
1.0,,,,sell,35440.64,BTC-29MAR24-55000-C,68.09,0.0473803,0.047,0,1699467089116,270285201,677
0.3,,,,buy,35359.4,BTC-28JUN24-37000-C,60.85,0.19463883,0.195,0,1699466776196,270284583,239
0.4,,,,sell,35313.37,BTC-28JUN24-25000-C,61.53,0.37376999,0.375,2,1699466596270,270284132,88
0.1,,,,sell,35316.57,BTC-10NOV23-25000-P,191.6,1.5e-07,0.0001,2,1699465825747,270283871,73
0.3,,,,sell,35316.57,BTC-10NOV23-23500-P,222.92,1e-08,0.0001,3,1699465825647,270283870,98
1.9,,,,buy,35305.37,BTC-29MAR24-40000-C,61.65,0.11655543,0.1175,3,1699465616838,270283704,1477
1.0,,,,buy,35268.6,BTC-10NOV23-31000-P,97.47,0.00039036,0.0005,0,1699465409637,270283505,572
8.0,,,,sell,35274.05,BTC-29DEC23-26000-P,61.45,0.00689436,0.007,1,1699465269132,270283467,2927
3.1,,,,sell,35254.66,BTC-10NOV23-33750-P,50.22,0.00128156,0.0014,1,1699465190064,270283327,4
2.7,,,,sell,35324.18,BTC-29DEC23-15000-P,95.07,0.00062295,0.0005,2,1699464740122,270282521,770
0.1,,,,sell,35331.2,BTC-10NOV23-34250-P,42.27,0.00221684,0.0018,2,1699463662206,270281887,16
0.2,,,,sell,35336.52,BTC-28JUN24-37000-P,60.87,0.18747558,0.188,2,1699463585365,270281860,25
0.2,,,,sell,35339.13,BTC-24NOV23-28000-P,67.6,0.002321,0.0022,2,1699463514334,270281748,1892
1.0,,,,sell,35421.71,BTC-24NOV23-26000-C,81.53,0.27214968,0.2725,0,1699462262256,270279709,410
20.0,BLOCK-107826,3,,sell,35372.09,BTC-26JAN24-33000-P,55.35,0.06057344,0.0599,2,1699462159213,270279274,143
0.6,,,,buy,35379.83,BTC-9NOV23-32500-P,94.02,3.623e-05,0.0002,1,1699461820346,270278630,44
6.0,,,,buy,35397.85,BTC-29DEC23-19000-P,80.66,0.00125263,0.0013,2,1699461799979,270278567,1010
10.0,BLOCK-107814,6,,sell,35241.35,BTC-29MAR24-28000-P,59.37,0.04433394,0.0441,0,1699461038878,270277344,449
20.0,BLOCK-107814,6,,buy,35241.35,BTC-26JAN24-29000-P,56.62,0.02660774,0.0268,2,1699461038878,270277346,48
1.0,,,,buy,35227.56,BTC-24NOV23-14000-P,153.68,0.0001438,0.0001,3,1699460647895,270276916,80
0.2,,,,buy,35227.07,BTC-11NOV23-34750-C,45.4,0.02316285,0.0235,2,1699460377893,270276760,8
7.9,,,,sell,35202.38,BTC-29MAR24-10000-P,85.99,0.00102476,0.0007,3,1699460232148,270276540,368
5.0,,,,buy,35223.35,BTC-29MAR24-25000-P,61.47,0.02594474,0.0265,0,1699458994765,270275203,856
0.6,,,,sell,35224.46,BTC-29MAR24-43000-C,62.93,0.09564785,0.095,2,1699458969157,270275192,17
0.7,,,,sell,35220.12,BTC-17NOV23-25000-P,92.46,0.00038604,0.0003,3,1699458947673,270275158,68
26.5,BLOCK-107808,2,BTC-CS-29MAR24-32000_38000,buy,35220.12,BTC-29MAR24-32000-C,59.48,0.20830425,0.2087,0,1699458947658,270275156,574
1.1,,,,buy,35200.72,BTC-27SEP24-47000-C,63.05,0.15417924,0.156,1,1699458734053,270274907,7
1.0,,,,buy,35215.74,BTC-27SEP24-70000-C,69.19,0.07843646,0.0785,1,1699457891678,270273811,65
2.1,,,,sell,35188.23,BTC-26JAN24-25000-P,60.28,0.01056024,0.0105,3,1699457292299,270272897,49
0.6,,,,sell,35161.41,BTC-28JUN24-45000-C,63.53,0.13053129,0.13,2,1699457169902,270272559,852
0.1,,,,buy,35149.34,BTC-27SEP24-29000-P,59.21,0.10017996,0.1,2,1699457102664,270272250,67
0.7,,,,buy,35135.34,BTC-29MAR24-27000-P,59.65,0.03771679,0.0375,3,1699457084703,270271949,542
0.3,,,,buy,35187.71,BTC-29MAR24-33000-P,59.24,0.09664113,0.0965,2,1699457083186,270271774,121
0.4,,,,sell,35187.71,BTC-24NOV23-34000-C,45.65,0.06057393,0.06,2,1699457082781,270271565,2887
4.9,,,,sell,35340.26,BTC-29MAR24-19000-P,70.17,0.00871765,0.009,3,1699455710226,270269369,453
1.3,,,,sell,35306.02,BTC-26JAN24-27000-P,58.49,0.01720776,0.017,3,1699454639540,270267522,40
0.1,,,,sell,35289.04,BTC-29MAR24-29000-P,59.4,0.05303955,0.0525,3,1699454535696,270267260,477
0.1,,,,sell,35313.05,BTC-26JAN24-31000-P,56.11,0.04187762,0.0415,0,1699454437228,270267039,66
2.2,,,,sell,35422.84,BTC-24NOV23-23000-P,97.83,0.00098741,0.0009,1,1699453131374,270265728,1262
0.8,,,,buy,35415.68,BTC-9NOV23-32000-P,101.49,4.461e-05,0.0002,3,1699452750095,270265112,43
10.0,,,,buy,35420.7,BTC-29MAR24-26000-P,61.24,0.03164772,0.0315,3,1699452717873,270264965,555
1.1,,,,sell,35402.25,BTC-28JUN24-30000-P,60.38,0.09128756,0.091,0,1699451692732,270263785,290
0.6,,,,sell,35385.13,BTC-28JUN24-36000-P,60.98,0.1723317,0.1725,0,1699451500927,270263563,36
0.5,,,,buy,35370.39,BTC-9NOV23-33000-P,80.69,0.00024665,0.0004,1,1699451369299,270263449,115
0.3,,,,sell,35350.41,BTC-17NOV23-21000-P,119.74,0.00020649,0.0001,3,1699451074113,270263316,6
0.1,,,,buy,35353.42,BTC-27SEP24-40000-C,61.51,0.20459204,0.207,2,1699450469946,270262935,185
0.1,,,,buy,35341.19,BTC-17NOV23-24000-P,97.84,0.00021881,0.0002,2,1699449590977,270262152,13
0.6,,,,sell,35447.73,BTC-26JAN24-38000-C,58.83,0.08959045,0.089,1,1699449027481,270260835,124
0.5,,,,sell,35425.94,BTC-29DEC23-13000-P,106.98,0.00035717,0.0004,0,1699448569684,270259648,212
0.1,,,,buy,35344.79,BTC-10NOV23-29500-P,99.93,9.212e-05,0.0001,3,1699447318363,270258817,465
1.0,,,,buy,35375.01,BTC-10NOV23-28500-P,126.37,6.129e-05,0.0002,1,1699446014697,270258009,328
4.6,,,,buy,35369.25,BTC-29DEC23-22000-P,72.13,0.00301543,0.0028,3,1699445892991,270257936,1757
0.1,,,,sell,35363.18,BTC-10NOV23-29000-P,108.16,0.00010955,0.0001,3,1699445792674,270257915,395
0.8,,,,buy,35355.89,BTC-28JUN24-35000-P,60.68,0.15654684,0.157,0,1699445206952,270257598,85
0.1,,,,sell,35343.97,BTC-26JAN24-22000-P,66.61,0.00599552,0.0055,2,1699444310848,270257032,24
0.2,,,,buy,35336.68,BTC-10NOV23-32000-C,66.23,0.09516863,0.095,2,1699443895940,270256890,282
1.0,,,,sell,35371.54,BTC-27SEP24-28000-C,60.19,0.34844972,0.35,0,1699443523407,270256480,31
0.1,,,,sell,35377.87,BTC-17NOV23-30000-C,67.8,0.15633737,0.157,1,1699443291908,270256314,1
4.2,,,,sell,35359.14,BTC-9NOV23-39000-C,82.84,0.00017218,0.0001,3,1699443186491,270256132,29
0.1,,,,sell,35404.53,BTC-28JUN24-10000-P,83.9,0.00296941,0.0031,2,1699442022925,270255432,425
0.7,,,,sell,35421.16,BTC-10NOV23-30000-C,0.0,0.15375874,0.1535,0,1699441919226,270255335,282
25.0,BLOCK-107731,2,,sell,35421.16,BTC-29MAR24-50000-P,65.45,0.42383535,0.4209,2,1699441918668,270255293,60
1.1,,,,buy,35426.69,BTC-28JUN24-33000-P,60.29,0.12637342,0.127,3,1699441795904,270255201,61
1.0,,,,buy,35440.88,BTC-29DEC23-20000-P,79.86,0.00198025,0.002,0,1699441686035,270255118,2167
1.0,,,,sell,35433.91,BTC-28JUN24-43000-C,63.6,0.14791654,0.148,0,1699441648086,270255052,19
0.6,,,,sell,35425.44,BTC-28JUN24-50000-C,66.23,0.10880191,0.1095,0,1699441569691,270254985,1063
0.1,,,,buy,35431.7,BTC-27SEP24-32000-P,59.83,0.13347616,0.1355,3,1699441499628,270254909,25
1.1,,,,buy,35434.84,BTC-28JUN24-65000-C,71.01,0.06279983,0.0635,0,1699441397419,270254702,732
1.0,,,,buy,35425.45,BTC-9NOV23-40500-C,107.6,2.925e-05,0.0001,2,1699441279452,270254429,14
1.0,,,,buy,35359.37,BTC-27SEP24-24000-P,60.44,0.05265518,0.053,2,1699440229231,270253059,58
0.2,,,,sell,35381.43,BTC-27SEP24-10000-P,78.16,0.0054807,0.005,0,1699440116562,270252877,47
0.3,,,,sell,35381.43,BTC-26JAN24-20000-P,73.21,0.00401152,0.0041,2,1699440116028,270252875,86
1.1,,,,buy,35387.32,BTC-29MAR24-30000-P,59.74,0.0612208,0.0615,1,1699439607476,270252240,455
15.0,BLOCK-107720,3,,sell,35396.6,BTC-27SEP24-60000-C,66.67,0.10436608,0.1042,0,1699439587329,270252174,84
0.1,,,,sell,35371.4,BTC-26JAN24-30000-C,57.96,0.20523237,0.2065,3,1699438865079,270251233,17
0.1,,,,sell,35343.26,BTC-27SEP24-18000-P,63.89,0.02217152,0.021,2,1699438642449,270250936,41
0.5,,,,sell,35336.63,BTC-29DEC23-18000-P,86.43,0.00131138,0.0013,1,1699438544389,270250650,816
1.0,,,,buy,35304.03,BTC-28JUN24-34000-P,60.27,0.14201087,0.142,2,1699437732050,270249981,66
0.7,,,,sell,35325.69,BTC-28JUN24-41000-C,62.74,0.16158281,0.161,2,1699436692793,270248753,181
12.5,BLOCK-107704,2,BTC-CCAL-29MAR24_29DEC23-27000,sell,35329.08,BTC-29MAR24-27000-C,60.62,0.30127407,0.3016,0,1699436658647,270248751,249
2.5,,,,sell,35302.99,BTC-29DEC23-34000-C,53.18,0.10623239,0.1065,2,1699436402810,270248488,2609
3.0,,,,buy,35307.18,BTC-29MAR24-30000-C,59.44,0.24309292,0.243,0,1699435751710,270247838,1043
2.0,,,,buy,35304.04,BTC-27SEP24-34000-C,59.62,0.26338592,0.264,0,1699435327207,270247572,54
5.0,,,,buy,35317.75,BTC-9NOV23-40000-C,97.02,6.549e-05,0.0001,3,1699435135793,270247423,53
0.6,,,,sell,35323.01,BTC-29MAR24-120000-C,85.56,0.00460617,0.0043,3,1699434591035,270246970,342
0.4,,,,buy,35298.75,BTC-28JUN24-15000-P,72.63,0.00885499,0.009,2,1699433810771,270246101,458
1.0,,,,sell,35299.71,BTC-29MAR24-18000-P,72.05,0.00751623,0.0075,3,1699433738556,270246037,675
0.5,,,,sell,35298.68,BTC-29MAR24-22000-P,65.69,0.01574612,0.016,2,1699433697638,270245955,595
1.0,,,,sell,35281.43,BTC-29DEC23-10000-P,123.42,0.00025214,0.0002,3,1699432399689,270243367,457
0.1,,,,buy,35243.32,BTC-10NOV23-24000-P,203.27,1.8e-07,0.0002,0,1699432143469,270242632,46
2.0,,,,sell,35254.49,BTC-17NOV23-30000-P,64.23,0.00216333,0.002,0,1699432088275,270242538,191
5.0,,,,sell,35251.73,BTC-17NOV23-28000-P,78.21,0.00135037,0.0012,0,1699432067381,270242504,92
0.1,,,,buy,35260.51,BTC-17NOV23-27000-P,87.39,0.00109816,0.0011,1,1699432017246,270242386,59
0.1,,,,buy,35288.4,BTC-9NOV23-34750-C,43.34,0.01829776,0.0185,0,1699431395107,270241760,18
0.1,,,,buy,35233.49,BTC-26JAN24-34000-P,56.58,0.07554642,0.0755,1,1699430244973,270239770,97
1.0,,,,buy,35255.09,BTC-17NOV23-22000-P,115.68,0.00023115,0.0002,1,1699430110661,270239560,22
0.1,,,,buy,35265.21,BTC-8NOV23-39000-C,936.59,0.0,0.0001,2,1699429826187,270239376,25
0.1,,,,buy,35270.4,BTC-8NOV23-35500-C,89.24,3.6e-07,0.0001,3,1699429774721,270239296,347
0.2,,,,sell,35295.83,BTC-8NOV23-35000-P,98.05,4.53e-06,0.0001,3,1699429550740,270239038,424
0.1,,,,sell,35273.25,BTC-8NOV23-35250-P,16.86,0.00030359,0.0001,3,1699429005808,270238371,244
0.5,,,,buy,35316.68,BTC-9NOV23-31500-P,88.1,0.00015837,0.0001,3,1699428622348,270237823,23
5.0,,,,sell,35312.64,BTC-24NOV23-24000-P,93.06,0.00141725,0.0013,0,1699428564481,270237771,2000
0.2,,,,sell,35242.87,BTC-8NOV23-34750-P,77.99,6.37e-05,0.0001,3,1699427370665,270237011,266
0.2,,,,sell,35240.52,BTC-29MAR24-23000-P,63.0,0.01854254,0.018,2,1699427362064,270237007,468
0.1,,,,buy,35265.48,BTC-28JUN24-24000-P,62.29,0.04003121,0.041,0,1699426997457,270236794,303
0.1,,,,buy,35265.48,BTC-28JUN24-23000-P,63.1,0.03447162,0.0355,3,1699426997346,270236792,262
0.7,,,,sell,35279.74,BTC-8NOV23-35750-C,69.31,1.188e-05,0.0001,3,1699426897678,270236674,357
1.0,,,,buy,35298.16,BTC-29DEC23-100000-C,98.62,0.00053393,0.0005,2,1699426193877,270236144,693
2.0,,,,buy,35302.32,BTC-17NOV23-32500-C,50.58,0.08824024,0.088,0,1699425664710,270235633,7
1.0,,,,buy,35315.57,BTC-8NOV23-35250-C,27.6,0.00275228,0.0026,0,1699425164096,270235321,389
0.3,,,,buy,35315.57,BTC-8NOV23-35000-C,60.62,0.00924537,0.0095,3,1699425163266,270235320,421
0.2,,,,buy,35242.46,BTC-8NOV23-34750-C,83.12,0.01413756,0.0145,3,1699424649095,270234737,102
0.9,,,,sell,35243.62,BTC-10NOV23-30500-C,0.0,0.13509689,0.1345,2,1699423476184,270233709,195
0.8,,,,sell,35288.12,BTC-29DEC23-14000-P,95.97,0.00049046,0.0003,3,1699422283190,270231853,283
10.8,,,,sell,35305.16,BTC-10NOV23-32500-C,0.0,0.08041928,0.0795,0,1699420908864,270230778,167
1.5,,,,buy,35318.02,BTC-8NOV23-35500-P,27.27,0.00585584,0.0055,1,1699420737353,270230554,108
0.1,,,,buy,35340.85,BTC-8NOV23-36000-C,66.37,7.559e-05,0.0003,1,1699420422790,270230270,355
2.0,,,,buy,35369.33,BTC-29MAR24-80000-C,78.12,0.01628671,0.0165,2,1699419725206,270229697,219
3.0,,,,sell,35289.45,BTC-8NOV23-34500-P,55.5,0.00016144,0.0001,3,1699416997450,270228574,376
0.3,,,,sell,35264.33,BTC-8NOV23-36250-C,62.04,8.546e-05,0.0001,2,1699415627512,270227539,105
0.4,,,,sell,35296.1,BTC-29MAR24-100000-C,84.06,0.00922924,0.009,3,1699414977714,270227205,293
1.0,,,,sell,35298.72,BTC-26JAN24-56000-C,70.85,0.01774238,0.0175,2,1699414282249,270226791,23
1.0,,,,buy,35297.9,BTC-26JAN24-58000-C,72.49,0.01548104,0.0155,2,1699414158993,270226744,30
0.4,,,,sell,35312.66,BTC-8NOV23-36500-C,65.42,0.00017777,0.0001,2,1699412328937,270225506,93
0.1,,,,sell,35360.26,BTC-8NOV23-37000-C,82.85,9.698e-05,0.0001,3,1699411066159,270224884,125
0.1,,,,buy,35362.3,BTC-8NOV23-38000-C,123.04,2.434e-05,0.0001,3,1699410896309,270224833,91
1.0,,,,buy,35394.32,BTC-24NOV23-21000-P,102.78,0.00036861,0.0004,2,1699409823103,270224162,698
0.1,,,,sell,35399.85,BTC-8NOV23-34250-P,60.26,0.00012137,0.0001,3,1699408845268,270223615,159
0.3,,,,sell,35388.51,BTC-8NOV23-34000-P,66.44,8.568e-05,0.0001,3,1699405811809,270221254,213
0.1,,,,buy,35332.83,BTC-17NOV23-56000-C,98.09,8.867e-05,0.0001,3,1699404567758,270220247,12
